0 0.854688 0.943750 0.106250 0.079167
0 0.614844 0.817708 0.054688 0.160417
0 0.681250 0.925000 0.059375 0.150000
0 0.710156 0.400000 0.057813 0.187500
0 0.761719 0.081250 0.076563 0.162500
0 0.958594 0.263542 0.070312 0.185417
0 0.771094 0.933333 0.098437 0.133333
0 0.496875 0.412500 0.093750 0.158333
0 0.528125 0.296875 0.100000 0.160417
0 0.475781 0.203125 0.114062 0.160417
0 0.557813 0.545833 0.093750 0.195833
0 0.547656 0.695833 0.148438 0.154167
0 0.726562 0.803125 0.137500 0.181250
0 0.072656 0.748958 0.145313 0.185417
