0 0.446094 0.973958 0.064062 0.052083
0 0.565625 0.930208 0.056250 0.139583
0 0.900000 0.480208 0.056250 0.189583
0 0.028906 0.310417 0.057813 0.191667
0 0.286719 0.589583 0.057813 0.204167
0 0.617188 0.198958 0.068750 0.177083
0 0.828906 0.582292 0.073438 0.189583
0 0.214062 0.790625 0.156250 0.089583
0 0.709375 0.265625 0.081250 0.177083
0 0.393750 0.167708 0.087500 0.172917
0 0.364063 0.376042 0.137500 0.118750
0 0.409375 0.608333 0.137500 0.125000
0 0.750000 0.839583 0.165625 0.104167
0 0.350781 0.845833 0.092188 0.191667
0 0.300781 0.860417 0.089063 0.279167
