0 0.446875 0.973958 0.065625 0.052083
0 0.565625 0.929167 0.053125 0.141667
0 0.900000 0.480208 0.056250 0.189583
0 0.028906 0.309375 0.057813 0.193750
0 0.286719 0.589583 0.057813 0.204167
0 0.617188 0.197917 0.068750 0.175000
0 0.828906 0.582292 0.073438 0.189583
0 0.238281 0.313542 0.076563 0.185417
0 0.670312 0.440625 0.081250 0.185417
0 0.393750 0.167708 0.087500 0.172917
0 0.750000 0.839583 0.165625 0.104167
0 0.351562 0.845833 0.093750 0.191667
0 0.401562 0.561458 0.134375 0.197917
0 0.256250 0.433333 0.231250 0.125000
