0 0.762500 0.660417 0.065625 0.054167
0 0.582812 0.932292 0.062500 0.135417
0 0.453906 0.186458 0.054688 0.181250
0 0.719531 0.452083 0.057813 0.191667
0 0.303125 0.596875 0.062500 0.202083
0 0.925000 0.478125 0.065625 0.193750
0 0.853125 0.581250 0.071875 0.191667
0 0.241406 0.804167 0.154688 0.095833
0 0.039062 0.321875 0.078125 0.193750
0 0.777344 0.840625 0.164062 0.106250
0 0.734375 0.181250 0.150000 0.137500
0 0.639844 0.379167 0.132812 0.158333
0 0.687500 0.281250 0.115625 0.187500
0 0.425781 0.567708 0.132812 0.197917
