0 0.446875 0.973958 0.065625 0.052083
0 0.566406 0.929167 0.054688 0.141667
0 0.900000 0.480208 0.056250 0.189583
0 0.028906 0.310417 0.057813 0.191667
0 0.286719 0.588542 0.057813 0.202083
0 0.617188 0.197917 0.068750 0.175000
0 0.828906 0.582292 0.073438 0.189583
0 0.214062 0.790625 0.156250 0.089583
0 0.238281 0.312500 0.076563 0.183333
0 0.393750 0.167708 0.087500 0.172917
0 0.660937 0.435417 0.087500 0.179167
0 0.750000 0.839583 0.165625 0.104167
0 0.350781 0.845833 0.092188 0.191667
0 0.300781 0.860417 0.089063 0.279167
0 0.401562 0.561458 0.134375 0.193750
0 0.256250 0.433333 0.231250 0.125000
