0 0.446094 0.973958 0.064062 0.052083
0 0.565625 0.929167 0.053125 0.141667
0 0.900000 0.480208 0.056250 0.189583
0 0.028906 0.309375 0.057813 0.193750
0 0.285938 0.588542 0.059375 0.202083
0 0.617188 0.198958 0.068750 0.177083
0 0.828906 0.582292 0.073438 0.189583
0 0.214062 0.790625 0.156250 0.089583
0 0.238281 0.314583 0.076563 0.183333
0 0.709375 0.265625 0.081250 0.177083
0 0.393750 0.166667 0.087500 0.170833
0 0.749219 0.839583 0.164062 0.104167
0 0.350781 0.845833 0.092188 0.191667
0 0.300781 0.860417 0.089063 0.279167
0 0.401562 0.560417 0.134375 0.195833
0 0.257031 0.433333 0.229687 0.125000
