0 0.018750 0.932292 0.037500 0.072917
0 0.839844 0.946875 0.095312 0.085417
0 0.682031 0.926042 0.057813 0.147917
0 0.614062 0.817708 0.053125 0.164583
0 0.183594 0.827083 0.110937 0.100000
0 0.765625 0.932292 0.087500 0.135417
0 0.760156 0.082292 0.076563 0.164583
0 0.957812 0.265625 0.068750 0.189583
0 0.780469 0.401042 0.076563 0.193750
0 0.496094 0.415625 0.095312 0.160417
0 0.526563 0.293750 0.103125 0.166667
0 0.474219 0.201042 0.110937 0.156250
0 0.557813 0.546875 0.093750 0.197917
0 0.061719 0.748958 0.123438 0.185417
0 0.546875 0.701042 0.146875 0.160417
0 0.725781 0.802083 0.135937 0.179167
