0 0.376563 0.853125 0.046875 0.060417
0 0.970313 0.440625 0.059375 0.122917
0 0.551562 0.931250 0.068750 0.137500
0 0.082812 0.527083 0.090625 0.112500
0 0.159375 0.541667 0.093750 0.112500
0 0.142187 0.625000 0.121875 0.108333
0 0.235937 0.418750 0.075000 0.195833
0 0.207031 0.787500 0.164062 0.091667
0 0.741406 0.840625 0.167187 0.102083
0 0.657813 0.654167 0.118750 0.145833
0 0.824219 0.578125 0.101562 0.189583
0 0.492188 0.390625 0.118750 0.172917
0 0.702344 0.541667 0.167187 0.133333
0 0.567969 0.730208 0.110937 0.210417
